%YAML:1.0
aruco_bc_nmarkers: 9
aruco_bc_mInfoType: 0
aruco_bc_markers:
   - { id:77, corners:[ [ -340., -340., 0. ], [ -140., -340., 0. ], [
       -140., -140., 0. ], [ -340., -140., 0. ] ] }
   - { id:643, corners:[ [ -100., -340., 0. ], [ 100., -340., 0. ], [
       100., -140., 0. ], [ -100., -140., 0. ] ] }
   - { id:431, corners:[ [ 140., -340., 0. ], [ 340., -340., 0. ], [
       340., -140., 0. ], [ 140., -140., 0. ] ] }
   - { id:5, corners:[ [ -340., -100., 0. ], [ -140., -100., 0. ], [
       -140., 100., 0. ], [ -340., 100., 0. ] ] }
   - { id:348, corners:[ [ -100., -100., 0. ], [ 100., -100., 0. ], [
       100., 100., 0. ], [ -100., 100., 0. ] ] }
   - { id:266, corners:[ [ 140., -100., 0. ], [ 340., -100., 0. ], [
       340., 100., 0. ], [ 140., 100., 0. ] ] }
   - { id:693, corners:[ [ -340., 140., 0. ], [ -140., 140., 0. ], [
       -140., 340., 0. ], [ -340., 340., 0. ] ] }
   - { id:838, corners:[ [ -100., 140., 0. ], [ 100., 140., 0. ], [ 100.,
       340., 0. ], [ -100., 340., 0. ] ] }
   - { id:909, corners:[ [ 140., 140., 0. ], [ 340., 140., 0. ], [ 340.,
       340., 0. ], [ 140., 340., 0. ] ] }
