%YAML:1.0
aruco_bc_nmarkers: 9
aruco_bc_mInfoType: 0
aruco_bc_markers:
   - { id:343, corners:[ [ -340., -340., 0. ], [ -140., -340., 0. ], [
       -140., -140., 0. ], [ -340., -140., 0. ] ] }
   - { id:411, corners:[ [ -100., -340., 0. ], [ 100., -340., 0. ], [
       100., -140., 0. ], [ -100., -140., 0. ] ] }
   - { id:223, corners:[ [ 140., -340., 0. ], [ 340., -340., 0. ], [
       340., -140., 0. ], [ 140., -140., 0. ] ] }
   - { id:712, corners:[ [ -340., -100., 0. ], [ -140., -100., 0. ], [
       -140., 100., 0. ], [ -340., 100., 0. ] ] }
   - { id:195, corners:[ [ -100., -100., 0. ], [ 100., -100., 0. ], [
       100., 100., 0. ], [ -100., 100., 0. ] ] }
   - { id:880, corners:[ [ 140., -100., 0. ], [ 340., -100., 0. ], [
       340., 100., 0. ], [ 140., 100., 0. ] ] }
   - { id:767, corners:[ [ -340., 140., 0. ], [ -140., 140., 0. ], [
       -140., 340., 0. ], [ -340., 340., 0. ] ] }
   - { id:939, corners:[ [ -100., 140., 0. ], [ 100., 140., 0. ], [ 100.,
       340., 0. ], [ -100., 340., 0. ] ] }
   - { id:277, corners:[ [ 140., 140., 0. ], [ 340., 140., 0. ], [ 340.,
       340., 0. ], [ 140., 340., 0. ] ] }
