%YAML:1.0
T2T: !!opencv-matrix
   rows: 4
   cols: 4
   dt: f
   data: [ 9.98552799e-01, 4.64823544e-02, -2.70519610e-02,
       2.69962177e+01, -5.37734739e-02, 8.71441960e-01, -4.87542272e-01,
       -2.95339179e+00, 9.12227144e-04, 4.88291413e-01, 8.72680664e-01,
       6.14196968e+00, 0., 0., 0., 1. ]
T2Tr: !!opencv-matrix
   rows: 3
   cols: 1
   dt: f
   data: [ 5.09982169e-01, -1.46144116e-02, -5.23948707e-02 ]
T2Tt: !!opencv-matrix
   rows: 3
   cols: 1
   dt: f
   data: [ 2.69962177e+01, -2.95339179e+00, 6.14196968e+00 ]
rErr: 5.2710449695587158e-01
tErr: 3.5700817108154297e+01
rErrP: 3.0450757980346680e+01
tErrP: 4.4447145462036133e+00
theErr: 5.2710235118865967e-01
