%YAML:1.0
calibration_time: "Fri Jun  2 14:48:24 2017"
nframes: 47
image_width: 1920
image_height: 1080
board_width: 9
board_height: 6
square_size: 2.5399999618530273e+00
flags: 0
camera_matrix: !!opencv-matrix
   rows: 3
   cols: 3
   dt: d
   data: [ 1.4703394934457399e+03, 0., 9.6574179502078937e+02, 0.,
       1.4770398362568455e+03, 5.5240142172415983e+02, 0., 0., 1. ]
distortion_coefficients: !!opencv-matrix
   rows: 5
   cols: 1
   dt: d
   data: [ -3.7326083363421864e-01, 1.9177625723264544e-01,
       2.0847299926236716e-03, 2.0708029315107894e-04,
       -5.8827117145049228e-02 ]
avg_reprojection_error: 4.9460987380924393e-01
per_view_reprojection_errors: !!opencv-matrix
   rows: 47
   cols: 1
   dt: f
   data: [ 5.56032062e-01, 6.00910127e-01, 6.05144262e-01,
       5.84472477e-01, 6.27649188e-01, 5.93708754e-01, 5.74679077e-01,
       4.86741304e-01, 5.93236566e-01, 5.07560432e-01, 5.20081997e-01,
       5.27676105e-01, 4.87946182e-01, 4.61094588e-01, 4.75421786e-01,
       4.60003108e-01, 4.71966386e-01, 5.08260846e-01, 3.76219958e-01,
       3.40448231e-01, 4.61376309e-01, 3.76674086e-01, 4.10527170e-01,
       6.37256324e-01, 5.24557710e-01, 5.19018531e-01, 5.00452757e-01,
       4.94758040e-01, 7.43923068e-01, 4.23111558e-01, 3.81025285e-01,
       3.71486247e-01, 4.04439032e-01, 3.95780146e-01, 4.07437205e-01,
       5.25688708e-01, 3.69749486e-01, 4.22937870e-01, 4.91708308e-01,
       5.36882997e-01, 4.20096606e-01, 4.66852754e-01, 4.16689157e-01,
       4.62056369e-01, 4.85276788e-01, 5.18211663e-01, 3.77438337e-01 ]
# a set of 6-tuples (rotation vector + translation vector) for each view
extrinsic_parameters: !!opencv-matrix
   rows: 47
   cols: 6
   dt: d
   data: [ 4.0556562070840921e-02, -7.2566532385150562e-01,
       -3.0553857242168103e+00, 1.3254980431158788e+01,
       7.0858306166215295e+00, 2.9333076938414269e+01,
       -2.4221959241003326e-02, -6.8261123097483201e-01,
       -3.0316781960563821e+00, 1.5788523805434044e+01,
       7.0457892340608161e+00, 2.7341924164009484e+01,
       -5.2607192536075091e-02, -6.7096948779625032e-01,
       -3.0215614291496991e+00, 1.6425029495480192e+01,
       7.3133629953048693e+00, 2.6470755112327065e+01,
       -5.0552482762800777e-02, -6.4445008230734080e-01,
       -3.0742062423287857e+00, 1.1564278890444452e+01,
       5.4899622886421362e+00, 2.5713184979955106e+01,
       5.0901286896543538e-02, 6.5664956088998461e-01,
       3.0532203577788493e+00, 1.0315300496524504e+01,
       5.4145508573685586e+00, 2.6082388212237955e+01,
       4.7094212113722840e-02, 6.4613374347157282e-01,
       3.0251469185257065e+00, 7.7647961987989076e+00,
       5.2185841885831046e+00, 2.5920288265888505e+01,
       4.3065553256953548e-02, 6.3688836951163108e-01,
       3.0045113458979005e+00, 5.5685176270061802e+00,
       5.5414007847271343e+00, 2.5877689684135948e+01,
       7.5327886563184105e-03, 5.0863549187463319e-01,
       3.0831788823483710e+00, 7.1360693561716397e+00,
       4.8824993856023502e+00, 2.8563598578278807e+01,
       -3.5717703654108604e-02, -4.5895919759718801e-01,
       -3.0781084045948761e+00, 9.6685738839464683e+00,
       5.6767115640448456e+00, 2.7055394791110061e+01,
       -7.9729194311912194e-02, -4.6138221010731756e-01,
       -3.0867660031673134e+00, 1.2380772686056829e+01,
       5.3522606250048428e+00, 2.6780983033242268e+01,
       -1.0336526073305101e-01, -4.1883065378914081e-01,
       -3.0841638268270244e+00, 1.4251539917174386e+01,
       4.5639238071261961e+00, 2.5967487112290058e+01,
       -1.2539166932891532e-01, -3.9936624518081137e-01,
       -3.0525064180295933e+00, 1.5987451157430863e+01,
       5.2344218677794023e+00, 2.4834916477438945e+01,
       4.1836343344972889e-02, 4.3294171939170134e-01,
       3.0877019841259057e+00, 8.3951903743088305e+00,
       4.4219370023596891e+00, 2.6512815297430965e+01,
       1.9664201000307951e-02, 4.0267504844978202e-01,
       3.0868501337082690e+00, 6.6977527605526221e+00,
       3.9477297435218341e+00, 2.6418933470942743e+01,
       -1.4611994549404820e-02, 3.9059563617463861e-01,
       3.0791613537516955e+00, 5.4050307289953663e+00,
       4.0013623377248662e+00, 2.6436621384923310e+01,
       -3.7738319690205413e-02, 4.1168328383833808e-01,
       3.0795738189009416e+00, 5.2263590619650202e+00,
       4.5296400561575991e+00, 2.6663307890469554e+01,
       -1.0937498421268692e-01, 4.0366903368364782e-01,
       3.0685312190653931e+00, 3.9778973304195584e+00,
       4.4898865632333909e+00, 2.6959897161365756e+01,
       -1.5101377973262969e-01, 3.9181841159227887e-01,
       3.0638166653515628e+00, 3.2333767982510717e+00,
       4.3960893367319294e+00, 2.6963970883753593e+01,
       5.4756041578444383e-03, 3.0799030795920229e-01,
       3.1036910392281740e+00, 1.2610934768963487e+01,
       9.3410573633686873e+00, 3.3788183446183538e+01,
       -3.5693067983067178e-02, -2.6430045380740719e-01,
       -3.1261867390721960e+00, 1.2918528676866575e+01,
       8.0067186241921586e+00, 3.1040200942005573e+01,
       -3.8958402660991161e-02, -2.7186055510860385e-01,
       -3.1285020608854088e+00, 1.2511506115875376e+01,
       7.0244234920989932e+00, 2.9603493573487174e+01,
       4.3100684657276227e-02, 2.6546567737432974e-01,
       3.1266118694604708e+00, 1.1997406802657968e+01,
       6.7383388549376679e+00, 2.8256590103613586e+01,
       4.1806217123385760e-02, 2.5688092336301821e-01,
       3.1234142525544870e+00, 1.1764917828636847e+01,
       5.8694659526695006e+00, 2.7710898502490359e+01,
       5.1471577261458228e-02, 2.7647453089944740e-01,
       3.1135887195134133e+00, 1.1978694920260935e+01,
       6.1023707451018456e+00, 2.7514192781909642e+01,
       -6.1122384626970970e-02, -2.4997948808612946e-01,
       -3.1223157983612930e+00, 1.3985161720020042e+01,
       6.0731690953029647e+00, 2.6245147655588937e+01,
       -6.6201989193546057e-02, -2.3764741140208390e-01,
       -3.0998724456298650e+00, 1.5331758323777775e+01,
       6.4596808967785346e+00, 2.5869090929993600e+01,
       -6.6442794688178458e-02, -2.3095976763992246e-01,
       -3.0904091962868949e+00, 1.6123343937109667e+01,
       6.8155579188238962e+00, 2.5798896227054772e+01,
       -8.5824960661223262e-02, -2.2662683138718825e-01,
       -3.0761684654964747e+00, 1.7293492349876615e+01,
       6.9117612983138317e+00, 2.5270573842657658e+01,
       5.8654349109466285e-02, 2.4364010897965122e-01,
       3.1106798208362778e+00, 1.1256934479346105e+01,
       5.4670780450049792e+00, 2.5731937690698398e+01,
       1.4042952005688718e-02, 2.5518656456354116e-01,
       3.0953643988363866e+00, 8.4948020264071058e+00,
       5.6085586533124872e+00, 2.6571398746750280e+01,
       1.4946427722198046e-02, 2.4205201672116100e-01,
       3.0763003358352412e+00, 7.1198653898005899e+00,
       5.1838133374606086e+00, 2.6201073287801538e+01,
       1.8988731083793606e-02, 2.3461729496328851e-01,
       3.0658683193626621e+00, 5.7489352947382413e+00,
       5.1312452508315447e+00, 2.5833943833899106e+01,
       3.4330224874188749e-02, 2.5006209303525356e-01,
       3.0613819699909715e+00, 4.9851183522380857e+00,
       5.2530791673149109e+00, 2.5672717380268459e+01,
       5.4592983762933749e-02, 2.4904784452770110e-01,
       3.0428455434616337e+00, 3.9968728539371239e+00,
       5.0381057018015243e+00, 2.5220912058394859e+01,
       5.1021135863506574e-02, 2.2753782865939279e-01,
       3.0196494782296037e+00, 2.6998000142452550e+00,
       4.7860801453200388e+00, 2.4715396169896493e+01,
       7.4892408721345199e-02, 2.6395267879826834e-01,
       3.1193829122430388e+00, 1.2310240459906888e+01,
       5.8330591674966419e+00, 2.4689857816609962e+01,
       -1.2188341672717453e-02, 9.0495581060332543e-03,
       3.1220214803655240e+00, 1.2202036933457663e+01,
       6.7257584866185605e+00, 3.3058419688952199e+01,
       -5.0888641190425868e-03, -8.7532013199336928e-02,
       -3.1272353337144003e+00, 1.2615807691656139e+01,
