%YAML:1.0
calibration_time: "Fri Jun  2 14:54:22 2017"
nframes: 16
image_width: 4032
image_height: 3024
board_width: 9
board_height: 6
square_size: 2.5399999618530273e+00
flags: 0
camera_matrix: !!opencv-matrix
   rows: 3
   cols: 3
   dt: d
   data: [ 3.2606520369702280e+03, 0., 1.9688789157137969e+03, 0.,
       3.2758437534005898e+03, 1.5187243386125547e+03, 0., 0., 1. ]
distortion_coefficients: !!opencv-matrix
   rows: 5
   cols: 1
   dt: d
   data: [ 2.6560322029135508e-01, -1.5818475832050614e+00,
       -1.5880905987978027e-03, -1.2094640102984556e-03,
       2.8119878693591409e+00 ]
avg_reprojection_error: 1.6880224512047042e+00
per_view_reprojection_errors: !!opencv-matrix
   rows: 16
   cols: 1
   dt: f
   data: [ 1.40802920e+00, 1.57630408e+00, 1.82879233e+00,
       1.93635488e+00, 2.13966870e+00, 1.64958441e+00, 1.95145404e+00,
       1.44732022e+00, 1.35352063e+00, 2.02005267e+00, 2.57288361e+00,
       1.40392005e+00, 1.06364202e+00, 1.22142124e+00, 1.33132601e+00,
       1.38862491e+00 ]
# a set of 6-tuples (rotation vector + translation vector) for each view
extrinsic_parameters: !!opencv-matrix
   rows: 16
   cols: 6
   dt: d
   data: [ 3.6201467407114374e-01, 5.0336721112435501e-01,
       1.2686008810406222e+00, 9.4570988893024666e+00,
       -1.1094644183537135e+01, 3.2995795837198671e+01,
       3.3079202418870701e-01, 4.1128668904999638e-01,
       1.4592456112438410e+00, 5.2087024891846925e+00,
       -1.1128007262349712e+01, 3.2042798397619443e+01,
       2.5315157677532968e-01, 3.2059640544017926e-01,
       1.4554273393869883e+00, -3.8914100109679364e+00,
       -1.1029825762053640e+01, 3.2177704189036696e+01,
       2.4936088690834127e-01, 3.0899517106985158e-01,
       1.4548226800973858e+00, 7.0406051402832193e-01,
       -1.0664661612999552e+01, 3.0893876928192821e+01,
       -2.4885505958941023e-01, 5.6980169041264250e-01,
       2.9247817086301566e+00, 1.0841864945068560e+01,
       3.7223724426362570e+00, 2.6893049656996766e+01,
       -2.3376025480561329e-02, 6.4605981330573703e-01,
       3.0309448783897022e+00, 9.9624159834679062e+00,
       5.3430733089707179e+00, 2.4230626491544534e+01,
       -2.2818152445088402e-01, -7.3389591457300862e-01,
       -3.0419922461550555e+00, 9.2274401025124781e+00,
       5.6900479864166567e+00, 2.2056106391605585e+01,
       -3.2681124125057436e-02, -1.9970046936930594e-01,
       -3.1186184610581154e+00, 1.2852157585688554e+01,
       3.7455564600071134e+00, 2.6550273198080113e+01,
       5.1196346076499130e-02, 2.3288944493536456e-01,
       3.1026096075794687e+00, 8.0984835516179849e+00,
       2.7418665880377957e+00, 2.5607096874902574e+01,
       -1.5133624525807990e-01, 6.9821888604298921e-01,
       2.8201872373775188e+00, 1.1104281935817355e+01,
       2.0165879188385878e+00, 2.7079812321388776e+01,
       -8.5677378383408428e-02, -6.9055658199790781e-01,
       -2.8058231205094746e+00, 7.6547285512995007e+00,
       6.1224895325556981e+00, 2.4966007440700409e+01,
       -1.9479991852063114e-01, -2.8734558232121660e-01,
       2.9930131835712785e+00, 1.1513536063966132e+01,
       4.8154695629754425e+00, 2.7928549276917110e+01,
       -1.3613074956487020e-01, 2.9590616216342858e-01,
       -3.0498584539664173e+00, 8.9659808081156687e+00,
       7.0188133842009224e+00, 2.6481332086646521e+01,
       -1.6011768540968262e-02, -6.9642235283672582e-02,
       3.1331766663143354e+00, 1.0519113222803501e+01,
       6.2010874599666437e+00, 2.4310408868880131e+01,
       6.7308150014103896e-02, -1.7477748398600446e-02,
       -1.1413494788585252e-03, -9.7395176556463632e+00,
       -5.6250051810611144e+00, 2.1809491680544429e+01,
       1.0614075477141047e-01, 1.1111682049963872e-01,
       6.8412980755021566e-03, -1.0512172458491156e+01,
       -5.7621719417260895e+00, 2.5898201646809174e+01 ]
image_points: !!opencv-matrix
   rows: 16
   cols: 54
   dt: "2f"
   data: [ 2.91343970e+03, 4.00868256e+02, 2.98076733e+03,
       6.36283203e+02, 3.04901465e+03, 8.78093811e+02, 3.11976025e+03,
       1.12619714e+03, 3.19090210e+03, 1.38012317e+03, 3.26414795e+03,
       1.64075281e+03, 3.33894824e+03, 1.90785913e+03, 3.41525269e+03,
       2.18223975e+03, 3.49560376e+03, 2.46440332e+03, 2.68113696e+03,
       5.09868805e+02, 2.74178662e+03, 7.37789124e+02, 2.80483350e+03,
       9.72062439e+02, 2.86866431e+03, 1.21064709e+03, 2.93417847e+03,
       1.45474023e+03, 3.00172583e+03, 1.70509644e+03, 3.07022925e+03,
       1.96208325e+03, 3.14057715e+03, 2.22538696e+03, 3.21198486e+03,
       2.49394336e+03, 2.46406250e+03, 6.11824585e+02, 2.52020435e+03,
       8.32928223e+02, 2.57636401e+03, 1.05850110e+03, 2.63362964e+03,
       1.28809045e+03, 2.69408496e+03, 1.52279260e+03, 2.75641113e+03,
       1.76378113e+03, 2.82201099e+03, 2.01107788e+03, 2.88738403e+03,
       2.26478613e+03, 2.95265161e+03, 2.52310718e+03, 2.26207153e+03,
       7.06544312e+02, 2.31373975e+03, 9.20704041e+02, 2.36561182e+03,
       1.13858362e+03, 2.42005371e+03, 1.35971057e+03, 2.47524878e+03,
       1.58529077e+03, 2.53269556e+03, 1.81701978e+03, 2.59234570e+03,
       2.05551611e+03, 2.65264429e+03, 2.30081372e+03, 2.71313428e+03,
       2.55026562e+03, 2.07496973e+03, 7.94437866e+02, 2.12262793e+03,
       1.00155328e+03, 2.17058691e+03, 1.21183997e+03, 2.22016309e+03,
       1.42499756e+03, 2.27154956e+03, 1.64239404e+03, 2.32461841e+03,
       1.86594031e+03, 2.37899609e+03, 2.09656445e+03, 2.43391528e+03,
       2.33390332e+03, 2.49098950e+03, 2.57453662e+03, 1.89912964e+03,
       8.74843262e+02, 1.94339539e+03, 1.07542603e+03, 1.98573865e+03,
       1.27846716e+03, 2.03485657e+03, 1.48506042e+03, 2.08253613e+03,
       1.69527429e+03, 2.13167554e+03, 1.91150977e+03, 2.18159106e+03,
       2.13477612e+03, 2.23320801e+03, 2.36385229e+03, 2.28557031e+03,
       2.59672949e+03, 2.50503638e+03, 3.61424805e+02, 2.52502637e+03,
       6.20113708e+02, 2.54343799e+03, 8.82009277e+02, 2.56317407e+03,
       1.14641138e+03, 2.58197778e+03, 1.41142688e+03, 2.60302051e+03,
       1.67926245e+03, 2.62550977e+03, 1.95081458e+03, 2.64715747e+03,
       2.22738403e+03, 2.66880054e+03, 2.50544019e+03, 2.26342163e+03,
       4.26509033e+02, 2.28034277e+03, 6.76748291e+02, 2.29807495e+03,
       9.30564697e+02, 2.31521387e+03, 1.18445374e+03, 2.33251196e+03,
       1.43874146e+03, 2.35090283e+03, 1.69549683e+03, 2.36994067e+03,
       1.95660461e+03, 2.39058228e+03, 2.22285596e+03, 2.41048560e+03,
       2.49144043e+03, 2.03733508e+03, 4.86926636e+02, 2.05381885e+03,
       7.29641357e+02, 2.06901587e+03, 9.74065552e+02, 2.08376685e+03,
       1.21835645e+03, 2.10002539e+03, 1.46334595e+03, 2.11607837e+03,
       1.71046057e+03, 2.13496704e+03, 1.96200671e+03, 2.15217480e+03,
       2.21881201e+03, 2.16972827e+03, 2.47843799e+03, 1.82587134e+03,
       5.42645325e+02, 1.84147107e+03, 7.77535767e+02, 1.85651343e+03,
       1.01390546e+03, 1.87264490e+03, 1.25017566e+03, 1.88703735e+03,
       1.48626428e+03, 1.90144531e+03, 1.72481372e+03, 1.91598523e+03,
       1.96776318e+03, 1.93047681e+03, 2.21572510e+03, 1.94536792e+03,
       2.46675195e+03, 1.62862512e+03, 5.94300720e+02, 1.64259180e+03,
       8.21032288e+02, 1.65663428e+03, 1.04962964e+03, 1.67082263e+03,
       1.27801135e+03, 1.68486560e+03, 1.50720190e+03, 1.69802612e+03,
       1.73851001e+03, 1.71021228e+03, 1.97374976e+03, 1.72147766e+03,
       2.21386816e+03, 1.73549292e+03, 2.45561841e+03, 1.44108984e+03,
       6.41038818e+02, 1.45326379e+03, 8.60259216e+02, 1.46331531e+03,
       1.08102405e+03, 1.47998035e+03, 1.30371887e+03, 1.49317590e+03,
       1.52648389e+03, 1.50540588e+03, 1.75139441e+03, 1.51619128e+03,
       1.97982959e+03, 1.52757043e+03, 2.21166431e+03, 1.53959778e+03,
       2.44537939e+03, 1.56677417e+03, 3.74529846e+02, 1.58843286e+03,
       6.33517578e+02, 1.61030225e+03, 8.95706421e+02, 1.63430908e+03,
       1.15911462e+03, 1.65531982e+03, 1.42167029e+03, 1.67680164e+03,
