%YAML:1.0
aruco_bc_nmarkers: 9
aruco_bc_mInfoType: 0
aruco_bc_markers:
   - { id:77, corners:[ [ -340., -340., 0. ], [ -140., -340., 0. ], [
       -140., -140., 0. ], [ -340., -140., 0. ] ] }
   - { id:643, corners:[ [ -100., -340., 0. ], [ 100., -340., 0. ], [
       100., -140., 0. ], [ -100., -140., 0. ] ] }
   - { id:431, corners:[ [ 140., -340., 0. ], [ 340., -340., 0. ], [
       340., -140., 0. ], [ 140., -140., 0. ] ] }
   - { id:5, corners:[ [ -340., -100., 0. ], [ -140., -100., 0. ], [
       -140., 100., 0. ], [ -340., 100., 0. ] ] }
   - { id:348, corners:[ [ -100., -100., 0. ], [ 100., -100., 0. ], [
       100., 100., 0. ], [ -100., 100., 0. ] ] }
   - { id:266, corners:[ [ 140., -100., 0. ], [ 340., -100., 0. ], [
       340., 100., 0. ], [ 140., 100., 0. ] ] }
   - { id:693, corners:[ [ -340., 140., 0. ], [ -140., 140., 0. ], [
       -140., 340., 0. ], [ -340., 340., 0. ] ] }
   - { id:838, corners:[ [ -100., 140., 0. ], [ 100., 140., 0. ], [ 100.,
       340., 0. ], [ -100., 340., 0. ] ] }
   - { id:909, corners:[ [ 140., 140., 0. ], [ 340., 140., 0. ], [ 340.,
       340., 0. ], [ 140., 340., 0. ] ] }
...
---
M2T: !!opencv-matrix
   rows: 4
   cols: 4
   dt: f
   data: [ 9.99076068e-01, 4.29558754e-02, -1.33521110e-03,
       -7.75257349e-02, 5.47725707e-04, 1.83391199e-02, 9.99831378e-01,
       -5.29315472e-01, 4.29731011e-02, -9.98908460e-01, 1.82986632e-02,
       -5.01932907e+00, 0., 0., 0., 1. ]
M2Tr: !!opencv-matrix
   rows: 3
   cols: 1
   dt: f
   data: [ -1.55220783e+00, -3.44095454e-02, -3.29338685e-02 ]
M2Tt: !!opencv-matrix
   rows: 3
   cols: 1
   dt: f
   data: [ -7.75257349e-02, -5.29315472e-01, -5.01932907e+00 ]
