%YAML:1.0
images:
   - "../sample_data/non_68/照片 2017-6-4 下午5 38 16_s.jpg"
   - "../sample_data/non_68/照片 2017-6-4 下午5 38 32_s.jpg"
   - "../sample_data/non_68/照片 2017-6-4 下午5 38 43_s.jpg"
   - "../sample_data/non_68/照片 2017-6-4 下午5 38 53_s.jpg"
   - "../sample_data/non_68/照片 2017-6-4 下午5 39 05_s.jpg"
   - "../sample_data/non_68/照片 2017-6-4 下午5 39 15_s.jpg"
   - "../sample_data/non_68/照片 2017-6-4 下午5 39 30_s.jpg"
   - "../sample_data/non_68/照片 2017-6-4 下午5 39 42_s.jpg"
