%YAML:1.0
aruco_bc_nmarkers: 9
aruco_bc_mInfoType: 0
aruco_bc_markers:
   - { id:343, corners:[ [ -340., -340., 0. ], [ -140., -340., 0. ], [
       -140., -140., 0. ], [ -340., -140., 0. ] ] }
   - { id:411, corners:[ [ -100., -340., 0. ], [ 100., -340., 0. ], [
       100., -140., 0. ], [ -100., -140., 0. ] ] }
   - { id:223, corners:[ [ 140., -340., 0. ], [ 340., -340., 0. ], [
       340., -140., 0. ], [ 140., -140., 0. ] ] }
   - { id:712, corners:[ [ -340., -100., 0. ], [ -140., -100., 0. ], [
       -140., 100., 0. ], [ -340., 100., 0. ] ] }
   - { id:195, corners:[ [ -100., -100., 0. ], [ 100., -100., 0. ], [
       100., 100., 0. ], [ -100., 100., 0. ] ] }
   - { id:880, corners:[ [ 140., -100., 0. ], [ 340., -100., 0. ], [
       340., 100., 0. ], [ 140., 100., 0. ] ] }
   - { id:767, corners:[ [ -340., 140., 0. ], [ -140., 140., 0. ], [
       -140., 340., 0. ], [ -340., 340., 0. ] ] }
   - { id:939, corners:[ [ -100., 140., 0. ], [ 100., 140., 0. ], [ 100.,
       340., 0. ], [ -100., 340., 0. ] ] }
   - { id:277, corners:[ [ 140., 140., 0. ], [ 340., 140., 0. ], [ 340.,
       340., 0. ], [ 140., 340., 0. ] ] }
...
---
M2T: !!opencv-matrix
   rows: 4
   cols: 4
   dt: f
   data: [ 9.99994755e-01, -2.93952227e-03, 1.26628578e-03,
       -3.48026752e-02, -1.35740638e-03, -3.12029049e-02, 9.99511957e-01,
       -1.66343296e+00, -2.89855897e-03, -9.99508679e-01,
       -3.12067289e-02, -4.84463882e+00, 0., 0., 0., 1. ]
M2Tr: !!opencv-matrix
   rows: 3
   cols: 1
   dt: f
   data: [ -1.60200477e+00, 3.33769619e-03, 1.26789638e-03 ]
M2Tt: !!opencv-matrix
   rows: 3
   cols: 1
   dt: f
   data: [ -3.48026752e-02, -1.66343296e+00, -4.84463882e+00 ]
