%YAML:1.0
images:
   - "../sample_data/non_83/照片 2017-6-4 下午5 47 07_s.jpg"
   - "../sample_data/non_83/照片 2017-6-4 下午5 47 20_s.jpg"
   - "../sample_data/non_83/照片 2017-6-4 下午5 47 29_s.jpg"
   - "../sample_data/non_83/照片 2017-6-4 下午5 47 41_s.jpg"
   - "../sample_data/non_83/照片 2017-6-4 下午5 47 57_s.jpg"
   - "../sample_data/non_83/照片 2017-6-4 下午5 48 08_s.jpg"
   - "../sample_data/non_83/照片 2017-6-4 下午5 48 19_s.jpg"
   - "../sample_data/non_83/照片 2017-6-4 下午5 48 38_s.jpg"
